9 14
   542.61   43.4597  -176.645  -665.453  -58.0944  -3.71124  -189.858   211.332  -630.635  -401.685   -832.59  -100.487  -631.268   285.037 
  -346.49   827.797   331.189   840.321    126.62  -924.425   849.395   101.954  -45.4903   510.186  -199.039  -222.671   315.483  -586.047 
 -422.858   72.3706  -769.919  -880.248   -884.17   53.4363  -545.701    57.736  -950.275   264.441  -730.932   -580.91   862.755  -563.523 
  318.603  -768.513   721.514   972.112  -940.716   52.7031   812.433   185.904   128.278   661.829  -712.142  -917.212   172.014   88.8191 
 -139.883  -512.502   502.772   437.259   559.868   732.853    557.01   675.699   -213.71  -988.691  -266.565  -163.985    275.75   2.50208 
  255.104   138.505   438.979  -426.293   369.992   160.494  -454.181   429.276  -786.803  -641.747   -384.82   341.475  -979.919  -96.9617 
  424.263   192.095   991.858   -715.62   679.593    494.63   721.639   239.461   227.483   278.649  -84.8401  -986.228   289.958   648.594 
 -150.213  -434.292  -348.903  -895.109   704.212  -909.924  -321.401   74.2042    250.57   224.418  -496.519   463.767    582.67   118.661 
 -194.758   602.752  -978.301  -770.495  -205.153  -986.443  -486.115   -525.56   508.186  -764.477   713.901  -264.331   514.172  -370.939 
4
